

Instance: /TSP/eil51.tsp
Sol: 37 4 36 16 3 17 46 11 45 50 26 5 47 22 6 42 23 13 24 12 40 18 39 41 43 14 44 32 38 9 48 8 29 33 49 15 20 28 1 19 34 35 2 27 30 25 7 21 0 31 10 
FO: 426.00000
Best time: 3.002
Total time:3.017 


Instance: /TSP/berlin52.tsp
Sol: 9 42 32 50 10 51 13 12 46 25 26 27 11 24 3 5 14 4 23 47 37 36 39 38 35 34 33 43 45 15 28 49 19 22 29 1 6 41 20 16 2 17 30 21 0 48 31 44 18 40 7 8 
FO: 7542.00000
Best time: 0.049
Total time:0.081 


Instance: /TSP/st70.tsp
Sol: 13 19 29 43 67 26 45 24 44 38 60 39 8 16 42 40 5 52 4 9 51 59 11 33 20 32 61 53 66 47 10 63 64 55 50 49 57 36 46 15 22 0 35 28 12 69 34 30 68 37 58 21 65 62 56 14 23 18 6 1 3 17 41 31 2 7 25 54 48 27 
FO: 675.00000
Best time: 0.384
Total time:0.417 


Instance: /TSP/eil76.tsp
Sol: 56 14 4 36 19 69 59 70 68 35 46 20 60 27 73 1 29 47 28 44 26 51 45 33 66 25 75 74 3 67 5 50 16 39 11 57 71 38 8 31 43 2 15 62 32 0 72 61 21 63 41 42 40 55 22 48 23 17 49 24 54 30 9 37 64 10 65 58 13 52 6 34 7 18 53 12 
FO: 538.00000
Best time: 2.608
Total time:2.613 


Instance: /TSP/pr76.tsp
Sol: 36 35 37 38 39 33 34 32 31 28 29 30 18 19 25 26 27 42 41 53 52 51 54 55 56 57 58 59 40 60 61 62 63 72 71 70 64 65 50 48 49 66 69 67 68 46 47 43 44 45 23 24 20 21 22 0 75 74 1 2 3 4 5 6 7 8 9 10 11 12 13 73 14 15 16 17 
FO: 108159.00000
Best time: 0.245
Total time:0.249 


Instance: /TSP/rat99.tsp
Sol: 17 16 15 14 22 23 24 25 26 34 35 43 44 53 52 51 50 49 48 59 60 61 62 71 80 79 70 69 68 77 76 75 83 84 85 86 87 78 88 89 98 97 96 95 94 93 92 91 90 82 81 72 73 74 65 66 67 58 57 56 55 64 63 54 45 46 37 47 38 39 40 41 42 33 32 31 30 29 28 36 27 18 19 20 21 12 11 10 9 0 1 2 3 13 4 5 6 7 8 
FO: 1211.00000
Best time: 0.690
Total time:0.694 


Instance: /TSP/kroA100.tsp
Sol: 13 2 42 45 28 33 82 54 6 8 56 19 11 26 85 34 61 59 76 22 97 90 44 31 10 14 16 58 73 20 71 9 83 35 98 37 23 17 78 52 87 15 93 21 69 65 25 64 3 96 55 79 30 88 41 7 91 74 18 89 48 5 62 0 46 92 27 66 57 60 50 86 24 80 68 63 39 53 1 43 49 72 67 84 81 94 12 75 32 36 4 51 77 95 38 29 47 99 40 70 
FO: 21282.00000
Best time: 0.200
Total time:0.202 


Instance: /TSP/kroB100.tsp
Sol: 60 26 70 11 0 94 97 31 58 75 28 7 98 96 90 27 2 10 92 84 72 52 69 38 39 66 4 61 68 25 99 55 80 78 46 64 36 71 37 19 79 74 29 48 85 67 9 20 89 45 24 8 33 6 83 57 51 53 87 22 21 54 76 23 17 44 35 95 91 18 43 40 16 77 12 62 30 47 50 81 32 14 5 3 82 63 13 41 1 15 49 42 88 86 65 73 59 56 93 34 
FO: 22141.00000
Best time: 5.152
Total time:81.394 


Instance: /TSP/kroC100.tsp
Sol: 50 62 43 65 47 83 10 51 86 95 96 80 44 32 99 73 56 35 13 9 91 18 98 92 3 59 68 2 72 58 40 88 20 22 69 75 90 93 94 49 61 82 71 85 4 42 55 70 37 38 27 87 97 57 33 89 24 16 7 21 74 5 53 1 34 67 29 76 79 64 30 46 66 54 41 19 63 78 12 14 26 84 0 52 39 11 48 17 28 45 23 31 60 25 6 81 77 8 36 15 
FO: 20749.00000
Best time: 0.519
Total time:0.527 


Instance: /TSP/kroD100.tsp
Sol: 99 1 47 91 54 86 25 94 55 27 11 46 20 9 8 19 24 81 17 5 39 82 2 58 84 63 42 76 90 53 62 15 95 85 64 13 67 32 44 98 77 30 56 71 79 75 60 73 6 74 66 35 28 57 21 69 48 97 96 31 93 16 89 10 88 41 22 45 51 7 65 37 80 33 49 0 12 78 87 26 23 40 83 68 14 72 38 70 3 92 43 59 52 4 61 36 18 50 34 29 
FO: 21294.00000
Best time: 0.384
Total time:0.388 


Instance: /TSP/kroE100.tsp
Sol: 97 58 94 35 27 22 63 61 55 14 19 48 49 59 9 79 56 8 30 65 29 92 90 54 12 74 40 86 66 26 91 81 3 1 10 95 84 76 36 69 5 33 52 77 99 28 23 17 93 18 85 42 38 21 32 37 67 47 89 41 4 7 64 96 24 53 44 98 16 83 39 34 87 62 57 31 11 75 6 20 73 0 82 72 15 70 60 13 51 43 71 88 80 78 25 45 2 46 68 50 
FO: 22068.00000
Best time: 8.975
Total time:9.073 


Instance: /TSP/rd100.tsp
Sol: 46 56 35 63 90 80 79 29 47 64 89 50 82 67 70 7 68 59 0 17 61 86 14 62 85 96 66 12 48 20 74 81 84 13 11 3 31 8 25 73 19 77 2 32 9 26 91 16 71 69 37 53 72 49 45 55 18 36 27 92 76 94 58 75 57 88 1 22 34 28 43 99 38 95 54 39 42 24 23 41 6 33 40 21 4 60 10 51 44 15 30 83 87 65 97 93 5 78 52 98 
FO: 7910.00000
Best time: 1.355
Total time:1.385 


Instance: /TSP/eil101.tsp
Sol: 45 46 35 48 63 62 89 31 9 61 10 18 47 81 6 87 30 69 29 19 65 64 70 34 8 50 32 80 33 77 78 2 76 75 49 0 68 26 100 52 27 25 11 79 67 28 23 53 3 54 24 38 66 22 55 74 40 21 73 71 72 20 39 57 12 93 94 96 86 1 56 14 42 41 13 37 43 85 15 60 84 90 99 97 36 91 58 92 98 95 5 88 51 17 82 59 4 83 16 44 7 
FO: 629.00000
Best time: 10.749
Total time:10.758 


Instance: /TSP/lin105.tsp
Sol: 72 75 79 85 78 76 71 63 66 67 70 77 81 82 83 84 90 91 95 96 100 101 92 88 89 97 98 99 94 93 87 86 65 64 60 59 38 37 34 33 13 12 3 4 8 7 2 0 1 5 6 9 10 14 102 20 21 28 29 30 31 32 27 22 19 11 18 23 26 15 16 17 24 25 35 36 41 40 42 45 51 52 57 56 53 50 46 43 103 39 48 44 47 49 54 55 58 104 61 62 69 68 73 74 80 
FO: 14379.00000
Best time: 0.232
Total time:0.237 


Instance: /TSP/pr107.tsp
Sol: 95 56 93 57 90 88 91 92 89 87 84 86 85 58 83 59 80 78 81 82 79 77 74 76 75 60 73 61 72 69 70 71 68 67 64 66 63 65 62 1 0 3 2 5 4 6 8 9 7 10 11 12 15 14 17 13 16 19 22 23 18 20 21 24 27 26 29 25 28 31 34 35 32 30 33 36 39 38 41 37 40 43 46 47 42 44 45 48 51 50 53 52 49 54 105 106 104 103 55 100 98 101 102 99 97 94 96 
FO: 44303.00000
Best time: 0.273
Total time:0.276 


Instance: /TSP/pr124.tsp
Sol: 55 54 36 37 25 23 24 21 22 38 39 20 19 40 41 42 43 53 44 18 17 16 15 8 9 10 11 12 13 14 50 49 48 47 46 45 51 52 87 88 103 104 105 106 107 108 109 110 111 112 113 102 101 89 86 85 84 90 100 114 115 116 117 118 119 120 121 122 123 99 98 97 96 95 94 93 92 91 79 78 77 76 75 74 73 72 71 70 69 68 67 63 62 80 81 83 82 66 64 65 61 32 33 29 30 31 5 4 3 2 1 0 7 6 26 27 28 34 35 58 60 59 57 56 
FO: 59030.00000
Best time: 0.317
Total time:0.319 


Instance: /TSP/bier127.tsp
Sol: 106 110 111 93 45 117 47 52 48 46 54 65 112 64 98 91 88 124 103 109 84 85 86 87 108 95 118 62 101 100 82 81 125 80 83 116 77 75 74 68 69 70 67 73 72 66 7 71 18 21 3 22 23 8 10 2 89 115 59 58 61 60 90 57 63 99 9 119 12 114 49 4 51 123 55 120 56 53 44 102 43 50 1 15 0 6 104 113 5 105 14 107 19 16 20 17 76 78 79 30 26 29 11 13 40 35 36 34 39 42 33 41 38 37 25 24 32 121 27 28 31 97 96 122 94 92 126 
FO: 118282.00000
Best time: 10.018
Total time:34.845 


Instance: /TSP/ch130.tsp
Sol: 43 92 36 21 46 39 22 32 20 125 120 77 65 84 124 89 58 29 82 2 113 107 7 17 45 79 117 19 3 34 53 1 49 129 0 40 70 38 116 111 114 27 61 104 127 15 44 4 10 75 108 60 128 123 63 68 85 87 25 6 96 69 106 126 103 42 33 16 30 26 18 99 14 28 23 115 94 78 86 11 80 102 76 93 88 109 97 67 62 47 24 112 31 35 83 118 110 122 100 81 56 8 55 64 51 74 73 98 72 91 37 105 52 119 57 48 71 90 5 101 9 13 66 12 95 121 54 59 50 41 
FO: 6110.00000
Best time: 2.040
Total time:2.043 


Instance: /TSP/pr136.tsp
Sol: 130 131 118 106 107 105 98 96 97 84 72 73 83 85 95 94 99 86 82 70 75 74 71 64 61 60 65 53 49 36 41 40 50 52 62 63 51 38 39 37 30 28 29 17 4 5 0 6 16 18 27 26 7 1 15 19 31 14 8 25 24 20 13 9 2 10 11 3 12 21 33 22 23 32 35 43 42 48 59 58 54 47 44 45 34 46 55 67 56 57 66 69 78 79 68 80 89 101 90 91 88 81 77 76 87 93 92 100 103 112 113 102 114 123 132 124 125 133 126 122 115 111 110 127 121 104 116 120 134 128 109 108 117 119 129 135 
FO: 96772.00000
Best time: 9.653
Total time:9.720 


Instance: /TSP/pr144.tsp
Sol: 139 140 141 142 143 113 112 111 110 109 106 105 103 104 107 108 85 84 83 82 81 80 79 78 59 58 47 46 45 57 56 55 54 53 52 51 50 49 48 30 31 32 33 29 34 35 23 24 25 26 28 27 1 0 2 3 4 5 21 22 36 37 38 39 20 40 41 14 15 16 17 19 18 7 6 8 9 10 11 12 13 42 43 44 70 71 69 68 67 66 65 64 63 62 61 60 86 87 102 101 100 99 98 95 94 92 93 96 97 89 88 77 76 75 74 73 72 90 91 115 116 117 118 119 120 121 122 123 124 125 126 127 128 129 114 130 131 132 133 134 135 136 137 138 
FO: 58537.00000
Best time: 0.659
Total time:0.664 


Instance: /TSP/ch150.tsp
Sol: 57 140 82 55 89 45 91 53 137 133 108 50 19 24 109 80 28 85 134 69 107 101 113 98 18 1 36 5 27 8 41 119 46 138 39 52 11 23 117 126 68 35 60 10 147 129 16 65 59 139 116 40 56 38 100 115 42 66 37 22 31 130 76 121 13 79 132 14 77 20 149 114 44 70 43 63 111 135 144 71 48 146 143 128 26 30 122 73 12 105 90 118 67 127 3 103 21 124 148 61 2 112 9 93 87 120 78 58 15 110 104 32 125 51 92 123 34 95 88 7 6 83 29 62 47 72 75 33 86 0 97 102 81 94 106 4 99 142 96 145 25 74 17 141 84 64 131 136 49 54 
FO: 6549.00000
Best time: 34.785
Total time:150.028 


Instance: /TSP/kroA150.tsp
Sol: 23 17 93 21 69 15 87 136 78 105 133 52 18 74 96 3 64 65 128 25 123 117 118 142 55 138 91 7 41 121 79 30 88 137 132 147 141 104 66 107 57 60 80 24 124 50 86 144 139 134 84 67 72 68 63 39 53 1 143 113 43 49 115 81 125 94 12 75 32 145 102 146 36 4 51 77 95 38 100 120 29 106 111 131 28 45 2 13 47 99 70 40 135 127 42 122 114 119 148 54 82 33 116 8 6 56 19 11 26 85 34 149 61 59 76 109 22 97 90 44 108 31 10 14 16 140 58 126 73 20 71 112 46 130 92 27 129 0 62 5 48 89 9 83 35 98 101 110 103 37 
FO: 26524.00000
Best time: 28.867
Total time:58.182 


Instance: /TSP/kroB150.tsp
Sol: 83 47 102 127 43 65 104 18 91 9 98 140 13 142 92 48 17 28 36 119 15 62 50 126 134 145 8 77 81 6 25 60 131 31 116 23 141 45 124 136 52 0 84 39 11 115 3 59 139 114 76 79 146 64 129 106 26 14 12 78 109 19 63 41 54 66 30 46 103 148 5 53 133 74 21 111 7 105 16 24 89 33 57 87 147 97 108 144 113 107 112 137 61 82 125 71 123 70 37 38 27 100 55 118 4 42 85 132 49 94 90 122 93 128 130 138 120 75 110 69 101 22 34 1 67 29 20 121 88 40 58 117 72 2 68 73 56 35 99 32 44 80 135 96 143 95 86 149 51 10 
FO: 26130.00000
Best time: 26.970
Total time:130.402 


Instance: /TSP/pr152.tsp
Sol: 10 21 22 38 5 11 23 24 25 4 12 26 27 37 3 13 28 29 30 2 14 31 32 36 1 15 0 34 35 33 46 50 72 74 47 48 49 75 73 76 92 93 94 91 77 90 95 114 115 123 124 125 151 149 150 126 127 122 121 128 129 148 147 146 130 131 120 119 132 133 145 144 143 134 135 118 117 136 137 142 141 140 138 139 116 109 108 107 84 83 85 106 105 104 82 86 103 110 111 81 87 102 101 100 80 88 99 112 113 79 89 98 97 96 78 70 71 52 51 45 69 68 53 44 43 54 55 67 66 65 64 56 42 41 57 58 63 62 61 60 59 40 39 17 16 8 7 9 18 20 19 6 
FO: 73682.00000
Best time: 0.878
Total time:0.889 


Instance: /TSP/u159.tsp
Sol: 50 49 48 47 46 45 44 43 42 41 40 39 38 37 35 36 34 33 32 31 30 29 28 27 26 25 24 23 22 21 20 19 18 17 16 15 14 13 12 10 11 9 8 7 6 151 152 5 4 3 1 2 0 158 157 156 155 154 153 150 149 148 147 146 145 144 143 142 141 140 138 139 137 136 135 134 132 133 131 130 127 126 125 124 128 123 129 122 121 120 119 118 117 116 115 114 113 112 111 110 109 108 107 92 91 90 89 88 93 87 86 95 94 106 105 104 103 102 101 100 99 98 97 96 85 84 83 82 81 80 79 78 77 76 75 74 73 72 71 70 69 68 67 66 65 64 63 62 61 60 59 58 57 56 55 54 53 52 51 
FO: 42080.00000
Best time: 0.435
Total time:0.445 


Instance: /TSP/rat195.tsp
Sol: 36 37 38 51 50 49 48 47 46 45 44 58 59 60 61 62 63 64 77 76 75 74 73 72 71 84 85 86 87 88 89 90 103 102 101 100 99 98 97 110 111 112 113 114 115 116 129 142 141 128 127 126 125 124 123 122 134 135 136 137 138 139 140 153 154 155 168 167 166 179 180 181 194 193 192 190 191 178 177 176 175 189 188 187 186 185 184 183 182 170 169 156 157 143 144 145 159 158 171 172 173 174 160 161 162 163 164 165 152 151 150 149 148 147 146 133 132 131 130 117 118 119 120 121 109 108 107 106 105 104 91 92 93 94 95 96 83 82 81 80 79 78 65 66 67 68 69 70 57 56 55 54 53 52 39 40 41 42 43 29 30 31 32 33 20 19 18 17 16 15 28 27 26 13 14 0 1 2 3 4 5 6 7 8 9 10 11 12 25 24 23 22 21 34 35 
FO: 2323.00000
Best time: 104.173
Total time:159.352 


Instance: /TSP/d198.tsp
Sol: 157 158 159 152 160 161 151 148 147 146 145 142 141 139 140 135 134 133 131 132 129 130 124 168 125 169 126 127 128 136 143 144 149 150 162 163 164 165 171 170 189 188 187 190 186 191 192 185 195 196 197 194 193 178 184 183 179 177 174 173 172 175 176 180 182 181 167 166 107 108 109 110 106 105 111 112 113 104 91 90 79 78 62 48 47 49 63 77 76 75 80 64 51 50 46 38 34 33 32 29 27 28 22 21 26 25 24 23 20 19 18 17 16 15 14 13 39 0 1 6 5 2 3 4 7 8 9 10 11 12 40 41 42 56 57 68 70 84 85 99 98 86 83 72 71 67 58 55 43 54 59 66 69 73 65 60 53 44 37 30 31 36 35 45 52 61 74 81 82 87 97 96 88 89 95 94 100 93 92 101 102 103 114 121 120 115 116 117 118 119 122 123 137 138 153 154 155 156 
FO: 15785.00000
Best time: 66.384
Total time:198.115 


Instance: /TSP/kroA200.tsp
Sol: 68 141 179 130 188 72 2 58 40 88 153 20 139 163 101 75 69 143 22 172 149 90 94 93 181 194 112 175 132 136 42 104 4 177 151 55 195 85 138 49 167 184 61 82 71 129 70 37 38 27 147 87 113 97 199 170 140 57 33 89 24 16 142 102 145 128 133 21 7 154 182 74 53 5 108 106 156 186 150 160 124 180 1 34 168 67 29 166 127 192 157 76 79 64 176 66 30 46 119 111 126 185 134 41 54 19 63 161 159 78 12 14 122 197 26 190 144 84 0 52 114 116 110 131 39 146 11 45 171 120 173 158 23 31 135 60 25 198 6 81 77 8 137 123 117 15 50 193 62 43 187 115 121 169 47 83 10 51 86 125 95 165 164 103 96 80 196 44 32 155 99 73 56 35 174 9 91 98 18 118 65 152 178 36 183 28 109 17 48 189 148 105 92 162 3 100 59 191 13 107 
FO: 29368.00000
Best time: 115.876
Total time:120.350 


Instance: /TSP/kroB200.tsp
Sol: 40 147 43 101 199 129 134 161 95 136 18 150 91 118 35 44 17 23 152 159 143 54 103 192 21 22 87 170 142 176 153 190 138 172 114 53 162 115 51 57 83 6 168 71 36 183 140 46 178 80 112 78 187 64 123 126 79 19 37 151 107 165 137 85 48 133 180 29 74 68 149 100 55 99 25 61 193 131 4 196 66 197 69 148 52 169 38 39 116 189 188 110 67 9 122 141 72 84 121 92 10 2 157 27 128 90 96 75 98 7 28 135 58 174 166 31 106 70 160 11 173 97 94 0 89 20 145 45 24 8 33 56 93 179 175 26 60 34 171 156 130 177 198 144 65 132 167 113 86 164 73 59 185 195 88 42 163 49 158 184 117 105 139 182 102 76 104 15 1 108 109 41 119 124 13 63 81 120 146 32 181 82 3 5 14 111 127 50 155 194 47 30 62 125 186 12 154 77 16 191 
FO: 29437.00000
Best time: 63.612
Total time:110.758 


Instance: /TSP/ts225.tsp
Sol: 1 2 3 4 5 6 130 7 8 9 10 11 12 13 14 15 135 136 137 138 139 37 38 39 40 41 42 43 144 143 142 141 140 16 17 18 19 20 21 22 23 24 145 146 147 148 149 49 170 171 172 48 47 46 45 44 165 166 167 168 169 68 69 70 71 72 73 173 174 74 195 196 197 198 199 99 98 220 221 222 223 224 124 123 122 121 120 119 219 118 117 116 115 114 113 112 111 110 214 213 212 211 210 87 88 89 90 91 92 93 215 216 217 218 97 96 95 94 194 193 192 191 190 67 66 65 64 63 62 185 186 187 188 189 86 85 84 83 82 81 205 206 207 208 209 109 108 107 106 105 104 103 102 101 100 204 203 202 201 200 75 179 178 177 76 77 78 79 80 184 183 182 181 180 56 57 58 59 60 61 164 163 162 161 160 36 35 34 33 32 31 134 133 132 131 27 28 29 30 155 156 157 158 159 55 54 53 52 51 176 175 50 154 153 152 151 150 26 25 129 128 127 126 125 0 
FO: 126643.00000
Best time: 1.863
Total time:1.918 


Instance: /TSP/tsp225.tsp
Sol: 185 118 117 186 116 187 26 188 204 189 224 46 1 58 57 56 55 54 53 52 51 49 50 206 48 132 198 223 190 191 195 47 44 192 217 193 45 43 42 194 196 197 199 0 2 3 4 5 6 7 41 40 39 8 9 38 37 10 11 36 35 12 13 14 15 16 17 18 202 19 20 21 22 23 207 24 25 33 32 34 31 30 205 201 29 28 203 27 78 77 76 216 218 215 75 74 73 72 71 70 69 68 67 66 65 64 63 62 61 60 59 115 222 114 113 112 111 110 109 108 107 106 105 104 219 103 102 101 100 99 98 97 96 95 208 94 79 80 220 93 92 91 90 89 88 87 86 209 83 82 81 84 85 130 210 129 221 131 128 127 126 125 124 211 213 166 165 164 163 214 133 212 157 134 182 135 136 162 161 160 159 158 137 138 139 140 141 200 142 144 143 156 155 154 153 152 145 146 147 148 151 150 149 167 168 123 122 169 170 171 172 173 175 176 177 178 179 180 181 121 120 174 119 183 184 
FO: 3957.00000
Best time: 61.685
Total time:225.186 


Instance: /TSP/pr226.tsp
Sol: 96 97 89 90 98 99 91 92 100 101 93 143 136 137 145 144 138 139 140 141 142 149 147 148 146 150 151 152 153 154 155 156 157 158 159 160 161 162 163 164 165 166 167 168 169 170 171 172 173 174 175 176 177 178 179 180 181 182 183 184 185 186 187 188 189 190 191 192 193 194 195 196 197 198 199 200 201 202 203 204 205 206 207 208 209 210 211 212 213 214 215 216 217 218 219 220 221 222 223 224 225 124 131 129 123 122 121 120 119 118 125 127 126 128 130 132 133 134 135 109 117 116 108 107 115 114 106 105 103 113 112 111 104 102 110 85 84 83 82 81 80 79 78 77 76 75 74 73 72 0 1 2 3 4 5 6 7 71 70 12 11 10 8 9 13 14 15 16 66 67 68 69 65 64 17 18 19 63 62 61 60 59 58 57 56 55 54 53 52 51 50 49 20 21 22 23 24 25 26 27 48 47 32 31 30 28 29 33 34 35 36 43 44 45 46 42 41 37 38 39 40 86 94 95 88 87 
FO: 80369.00000
Best time: 8.339
Total time:8.545 


Instance: /TSP/gil262.tsp
Sol: 56 202 192 100 252 113 147 25 8 152 12 166 88 247 120 105 188 149 219 35 182 57 229 169 1 216 82 205 64 227 52 123 256 136 17 29 206 165 95 72 197 203 53 172 260 26 194 124 63 249 162 223 68 176 236 61 248 156 81 234 10 240 224 255 55 241 37 222 42 121 145 83 134 122 117 2 7 189 111 212 214 115 125 103 73 140 24 245 6 159 163 139 171 185 80 3 114 144 99 20 137 208 253 233 32 71 184 18 78 261 190 4 132 11 48 210 89 60 129 128 220 204 30 70 228 0 138 201 230 67 141 231 69 98 243 107 154 75 153 86 187 257 33 94 181 27 155 259 34 238 143 191 183 217 118 93 150 85 148 246 87 49 90 76 211 106 239 116 97 13 142 173 195 47 127 44 186 92 45 160 178 199 62 215 179 151 207 250 198 43 21 119 22 235 110 251 254 91 177 209 40 109 59 157 108 19 226 28 96 131 104 84 221 36 164 5 15 242 51 168 180 170 58 161 74 218 14 101 38 232 175 135 225 31 77 200 66 50 133 158 146 244 126 39 23 16 258 174 54 46 167 65 102 112 79 193 196 41 9 237 130 213 
FO: 2379.00000
Best time: 86.465
Total time:262.067 


Instance: /TSP/pr264.tsp
Sol: 219 220 168 169 170 142 143 165 166 167 221 222 238 239 263 236 237 223 224 162 163 164 144 145 146 147 161 160 225 159 158 157 148 154 155 156 226 227 234 235 232 231 233 228 229 230 150 151 152 153 149 127 53 52 51 50 49 55 54 126 125 124 123 122 121 57 56 48 47 46 45 44 43 58 42 41 40 39 0 38 37 36 60 59 120 119 118 128 117 116 115 62 61 35 34 33 32 31 30 64 63 114 113 112 111 110 109 66 65 29 28 27 26 25 24 68 67 108 107 106 105 104 103 70 69 23 22 21 20 19 18 72 71 102 101 100 99 98 97 74 73 17 16 15 14 13 12 76 75 96 95 94 93 92 91 78 77 11 10 9 8 7 6 80 79 90 89 88 85 82 81 5 4 3 2 1 83 84 86 87 131 130 129 133 132 198 195 196 197 201 200 199 202 258 259 256 257 203 204 192 193 194 134 135 191 190 189 206 205 255 254 260 261 262 253 252 208 207 188 187 186 136 137 185 184 183 210 209 251 250 249 248 212 211 182 181 180 138 139 179 178 177 214 213 247 246 245 244 216 215 176 175 174 140 141 171 172 173 217 218 242 243 240 241 
FO: 49135.00000
Best time: 53.057
Total time:53.060 


Instance: /TSP/a280.tsp
Sol: 268 134 135 267 266 136 137 138 148 147 140 139 265 264 263 262 261 260 259 258 257 256 253 252 207 208 251 254 255 248 247 277 278 2 279 0 1 241 242 243 240 239 238 237 236 235 234 233 232 231 230 245 244 246 249 250 229 228 227 226 225 224 223 222 221 220 219 218 217 216 215 214 213 212 211 210 209 206 205 204 203 202 201 200 199 143 142 141 146 145 144 198 197 196 195 194 193 192 191 190 189 188 187 186 185 184 183 182 181 180 175 179 178 149 177 176 150 151 155 152 154 153 128 129 130 19 20 127 126 125 29 124 123 122 121 120 119 118 156 157 158 159 174 160 161 162 163 164 165 166 167 168 169 171 170 172 173 106 105 104 103 102 101 100 99 98 97 96 95 94 93 92 91 90 89 88 108 107 109 110 113 114 116 115 85 84 83 86 112 111 87 82 81 80 79 78 77 76 75 74 73 72 71 70 69 68 67 66 65 64 63 57 56 55 54 53 52 51 50 49 48 47 46 45 44 43 58 62 61 117 60 59 42 41 40 39 38 37 36 35 34 33 32 31 30 28 27 26 25 21 24 22 23 13 14 12 11 10 9 7 8 6 5 4 3 276 275 274 273 272 271 270 15 16 17 18 131 132 133 269 
FO: 2579.00000
Best time: 127.725
Total time:136.643 


Instance: /TSP/pr299.tsp
Sol: 143 145 144 147 146 148 149 150 151 152 153 154 155 213 214 297 295 296 293 294 292 291 289 290 288 287 286 216 215 217 211 212 158 157 156 142 141 140 138 139 160 159 210 209 207 206 203 204 205 298 226 224 225 222 223 219 208 221 220 218 285 284 283 279 282 281 280 277 278 274 275 276 231 232 229 230 228 202 227 199 198 201 163 133 136 162 161 137 135 134 132 102 131 128 103 129 130 164 165 200 167 166 196 197 233 234 273 272 271 237 235 236 240 239 238 270 268 269 242 241 195 192 191 190 193 194 169 168 173 171 127 108 107 105 109 60 58 59 38 56 57 111 110 112 122 126 125 123 124 174 176 175 177 186 188 178 170 172 189 187 249 250 244 246 245 243 248 247 267 266 264 265 262 263 261 258 257 256 253 259 260 254 251 252 185 255 184 183 182 181 180 179 119 121 120 117 118 116 114 113 115 54 55 53 52 51 50 49 48 47 46 43 45 44 40 42 39 41 36 37 35 34 31 30 29 33 32 65 62 61 106 64 63 104 67 66 69 68 70 73 72 71 28 27 26 25 24 23 22 20 17 16 14 15 18 19 21 78 80 81 79 74 76 77 75 101 100 99 98 83 82 97 94 95 96 93 86 84 85 90 88 89 87 13 12 11 10 9 8 7 6 4 5 1 2 3 0 91 92 
FO: 48191.00000
Best time: 82.202
Total time:211.724 


Instance: /TSP/lin318.tsp
Sol: 25 24 17 16 15 26 23 18 11 19 22 27 32 31 30 29 28 21 20 102 14 10 9 6 5 1 0 2 7 8 4 3 105 106 110 111 114 115 12 13 119 116 107 112 113 121 120 122 129 130 123 128 131 137 132 127 124 207 125 126 133 134 135 136 33 34 38 37 144 208 140 141 146 145 147 150 156 157 162 161 158 155 151 148 149 153 152 154 159 160 209 163 59 60 65 64 175 172 171 168 166 167 170 169 165 164 268 314 265 264 259 257 254 258 249 142 143 139 138 241 240 239 238 231 230 312 229 232 237 242 313 253 256 260 263 266 267 262 261 255 252 250 251 246 245 235 234 227 226 225 236 233 228 221 224 118 117 220 219 216 215 109 108 211 210 212 217 218 214 213 222 223 243 244 247 248 317 269 270 274 275 296 297 303 304 309 308 307 299 298 302 295 288 286 281 282 285 289 290 284 283 278 279 272 271 273 276 277 280 287 291 292 293 294 191 192 300 301 305 306 310 311 204 198 199 203 202 197 193 194 185 179 178 174 173 177 180 184 190 183 181 176 188 182 186 187 189 86 87 195 196 200 201 205 206 99 93 94 98 97 89 88 92 101 100 96 95 91 90 84 83 82 81 77 70 67 66 63 71 76 78 85 79 75 72 80 74 73 68 69 62 61 104 58 55 54 49 47 44 48 316 315 39 103 43 46 50 53 56 57 52 51 45 42 40 41 36 35 
FO: 42336.00000
Best time: 216.979
Total time:318.098 


Instance: /TSP/rd400.tsp
Sol: 154 356 210 283 76 198 233 394 53 399 288 347 277 86 311 186 355 388 242 339 152 184 126 70 40 342 64 83 380 173 199 330 24 162 28 196 368 94 52 397 189 307 158 84 358 155 365 391 113 314 286 224 260 101 382 231 89 257 236 120 374 78 348 312 161 258 228 174 318 209 203 191 179 295 151 82 49 393 17 304 232 181 216 364 398 337 192 148 90 334 7 144 180 43 127 37 238 54 167 108 39 245 111 263 379 96 218 73 139 187 266 171 133 363 69 80 240 93 234 332 60 323 176 143 197 77 207 276 321 350 373 291 324 301 85 371 282 182 45 137 149 293 170 104 32 193 302 333 309 354 247 317 169 217 26 125 130 375 42 11 320 62 296 175 220 261 387 222 249 268 27 377 36 74 219 230 290 369 142 98 103 110 385 269 81 325 105 273 19 367 165 370 146 289 351 132 248 160 44 255 168 3 0 200 8 136 299 272 55 274 338 156 91 357 202 366 21 256 65 214 226 56 178 95 102 107 353 359 298 384 138 1 121 208 264 381 72 211 280 225 227 79 336 376 259 279 4 254 265 140 13 51 352 124 30 241 9 188 145 372 392 15 360 206 2 92 134 329 386 194 313 115 389 271 331 131 10 99 362 244 223 58 31 361 253 61 328 344 59 147 292 109 343 326 157 306 129 310 250 275 396 319 67 395 100 349 112 141 22 190 123 47 252 46 122 205 34 270 71 322 278 153 183 35 118 378 345 229 212 341 48 57 135 5 150 287 97 239 23 305 88 267 204 66 16 185 316 163 172 12 18 383 297 41 390 117 195 106 159 63 6 340 315 68 75 29 20 14 300 25 327 166 116 281 201 213 284 215 335 128 119 246 221 114 303 38 294 33 285 346 177 308 237 164 50 251 87 243 262 235 
FO: 15304.00000
Best time: 246.513
Total time:400.046 


Instance: /TSP/fl417.tsp
Sol: 143 121 145 122 144 146 124 148 126 147 123 125 149 127 151 128 150 152 22 28 29 13 14 10 8 26 16 11 2 3 1 12 19 27 30 20 5 4 6 15 9 18 17 25 23 31 24 21 7 0 348 308 309 323 333 349 350 334 310 335 311 312 351 352 353 324 313 325 354 355 356 336 326 314 337 315 316 338 317 318 153 177 155 179 157 181 159 183 161 185 163 187 165 189 167 191 169 193 171 195 173 197 175 199 176 200 198 174 196 172 194 170 192 168 190 166 188 164 186 162 184 160 182 158 180 156 178 154 33 35 37 40 42 47 49 53 54 56 51 50 48 45 43 46 44 41 38 52 55 57 58 60 67 75 98 100 97 99 91 80 70 74 79 85 78 84 73 63 66 62 65 69 96 95 87 83 94 90 77 82 81 86 76 72 68 64 61 92 88 89 93 104 101 103 368 369 383 370 371 372 384 373 385 386 374 375 376 377 378 249 273 251 275 253 277 255 279 257 281 259 283 261 285 263 287 265 289 267 291 269 293 271 295 272 296 294 270 292 268 290 266 288 264 286 262 284 260 282 258 280 256 278 254 276 252 274 250 398 397 396 416 415 414 413 412 411 395 394 410 409 393 408 248 224 247 223 245 221 219 243 222 246 244 220 242 240 218 241 217 239 215 213 237 216 238 214 236 234 212 235 211 233 209 231 210 232 208 230 206 229 207 205 227 228 204 226 202 225 203 201 367 366 392 365 364 391 363 382 390 407 406 405 381 362 380 404 403 402 389 388 401 400 387 399 357 358 379 359 360 361 102 71 59 39 36 34 32 329 328 341 340 327 339 297 298 319 299 300 301 342 343 344 320 302 321 345 346 347 330 322 303 331 304 305 332 306 307 105 107 129 106 130 108 132 134 110 131 109 133 111 113 135 112 136 114 138 116 137 115 117 139 140 118 142 120 141 119 
FO: 11861.00000
Best time: 141.134
Total time:255.242 


Instance: /TSP/pr439.tsp
Sol: 410 408 407 402 433 437 436 435 434 438 283 343 342 341 340 372 370 371 382 381 383 393 394 392 396 395 397 398 391 390 380 374 373 379 389 388 378 376 375 344 345 347 346 348 349 350 352 351 353 354 355 357 356 358 292 291 290 289 288 287 339 286 285 284 279 231 230 224 188 187 186 229 280 281 228 282 227 226 225 185 148 84 83 82 52 53 54 55 81 80 79 78 37 38 39 40 42 41 43 44 45 48 46 47 49 50 51 1 2 0 3 4 5 6 7 8 9 10 11 12 13 14 15 16 32 33 34 35 36 56 57 77 85 86 76 58 59 60 75 74 61 31 30 29 27 25 26 28 62 72 73 63 24 22 20 21 23 64 65 66 19 18 17 67 68 69 70 71 87 88 89 90 103 104 105 106 107 108 109 110 111 145 143 146 147 144 184 189 223 222 232 233 234 235 236 237 238 239 240 216 217 218 219 220 221 190 183 191 182 192 193 194 195 196 179 180 181 153 154 155 156 178 177 176 158 157 137 138 139 140 141 151 152 150 149 142 112 113 115 117 118 120 121 100 119 116 114 102 101 91 92 93 99 94 95 96 97 98 124 122 123 125 126 128 127 129 130 131 132 166 167 169 168 165 164 163 162 161 133 134 135 136 159 160 174 175 203 173 172 171 170 207 206 205 204 202 201 200 199 198 197 215 214 213 212 211 210 209 249 250 208 252 251 248 247 246 245 244 243 242 241 259 260 261 262 263 306 307 308 309 310 311 312 313 258 257 256 255 254 253 315 314 316 317 318 319 320 321 322 323 324 325 326 327 328 330 331 329 302 301 303 304 305 264 265 266 267 268 269 270 271 300 272 273 274 275 276 277 278 293 294 295 296 297 298 299 332 333 334 335 336 337 338 359 369 360 361 362 363 364 365 366 367 368 377 384 385 386 387 400 399 401 403 404 416 417 427 428 430 415 414 418 419 420 413 405 406 412 411 422 421 431 432 429 426 423 425 424 409 
FO: 107422.00000
Best time: 294.391
Total time:439.190 


Instance: /TSP/d493.tsp
Sol: 408 388 395 380 367 376 363 356 342 329 322 336 349 348 357 351 340 324 316 309 317 303 298 277 272 270 266 240 230 217 196 197 214 221 229 235 271 275 296 325 344 341 333 368 369 370 396 389 410 397 390 381 456 24 428 421 422 384 391 398 25 26 27 28 29 30 31 38 39 36 37 35 34 33 32 23 22 21 40 41 44 46 45 42 43 49 48 47 50 51 2 0 1 3 4 5 8 9 10 6 7 11 18 16 17 19 65 66 68 67 69 80 79 77 73 72 71 70 74 75 76 78 95 81 82 83 62 61 60 15 14 13 12 52 56 55 53 54 64 57 58 59 63 84 85 86 115 127 138 148 154 160 162 169 172 170 174 180 189 20 223 234 265 268 300 304 276 297 267 254 239 224 209 215 208 200 175 173 179 193 185 188 184 178 165 166 161 159 155 158 153 151 144 131 125 121 120 124 128 135 136 145 146 147 149 143 139 141 137 129 133 132 134 130 126 122 119 114 113 109 101 94 99 104 107 111 112 118 116 106 105 98 100 97 96 89 87 88 92 91 90 93 102 103 110 108 117 123 140 142 150 156 157 164 176 182 195 177 213 225 204 198 194 192 187 191 199 203 190 186 167 163 152 168 171 181 183 201 202 206 219 220 218 212 216 211 207 205 210 222 233 228 227 226 232 237 244 243 242 241 255 256 257 258 245 246 247 259 260 261 248 249 262 263 250 236 231 251 252 264 253 238 269 273 274 287 301 314 306 315 319 331 327 338 346 360 353 365 372 378 383 393 400 420 425 429 488 489 426 427 394 347 371 334 361 490 491 492 483 484 486 487 481 478 475 474 473 476 477 479 485 455 441 454 453 452 439 440 419 409 387 375 362 366 379 386 401 418 402 417 403 416 404 415 414 405 406 374 358 355 339 343 354 350 335 330 323 310 318 307 302 299 286 285 295 284 283 282 281 291 292 293 294 311 312 321 328 326 313 308 289 290 280 279 278 288 305 320 332 337 352 345 359 373 364 377 382 399 392 385 407 413 412 411 432 443 459 458 444 445 433 434 446 447 435 448 436 437 438 451 450 449 482 480 472 471 470 469 468 467 466 464 462 465 463 461 460 457 442 430 431 424 423 
FO: 35225.00000
Best time: 384.968
Total time:493.412 


Instance: /TSP/u574.tsp
Sol: 379 377 376 375 374 373 372 371 338 337 339 341 340 342 343 370 369 344 345 346 368 367 366 348 347 350 351 349 365 364 363 362 361 360 406 405 407 408 409 410 358 359 352 353 354 355 357 356 411 412 413 414 415 416 417 418 419 420 421 422 423 424 425 426 427 428 438 437 436 439 435 434 433 429 430 431 432 445 444 440 443 446 442 441 452 451 453 454 450 455 449 447 448 400 399 401 402 403 404 393 392 391 390 255 254 256 257 260 259 258 261 262 273 274 275 276 277 278 279 280 188 189 190 191 192 193 194 195 196 197 198 199 200 247 248 249 250 252 251 253 475 474 465 464 463 462 461 460 395 396 394 397 398 459 457 458 456 467 468 466 469 473 472 470 471 481 482 483 484 485 486 487 488 489 491 490 495 494 493 492 496 497 498 499 500 501 502 503 504 510 511 509 508 507 505 506 480 479 478 477 513 512 476 514 515 516 517 518 246 201 202 245 244 243 520 519 521 522 523 524 527 526 525 533 534 532 531 530 529 528 535 536 537 538 539 541 540 542 543 544 13 12 545 546 547 548 549 550 551 552 553 11 10 9 8 7 6 557 556 555 554 558 559 560 561 562 5 4 3 2 1 563 564 565 566 569 568 567 0 573 572 571 570 47 48 49 50 51 52 46 45 44 43 53 54 57 56 55 78 81 82 83 80 79 42 41 40 39 38 37 36 35 34 33 32 30 31 19 18 20 17 16 14 15 221 220 219 217 218 21 22 23 24 164 25 26 29 27 28 87 86 85 84 109 108 88 89 90 91 92 93 94 103 102 101 104 105 106 107 110 111 112 119 120 121 98 100 99 95 96 97 122 118 117 113 116 115 114 73 72 71 74 75 76 77 59 58 60 61 62 63 64 128 129 127 126 65 66 67 68 70 69 125 124 123 131 130 132 133 134 135 136 137 138 139 140 141 142 144 143 145 146 147 148 149 150 151 167 152 156 157 158 155 159 160 161 162 163 154 153 166 165 212 213 214 211 215 216 230 229 228 227 226 222 223 224 225 240 241 242 203 204 205 206 237 238 239 236 235 234 233 231 232 210 209 178 177 176 175 174 173 172 171 170 169 168 290 289 288 291 287 292 293 285 286 284 179 180 181 182 183 184 208 207 185 186 187 283 282 281 307 306 305 304 295 294 296 297 298 303 302 301 300 299 310 309 308 311 312 313 314 315 316 318 317 319 320 321 322 323 324 325 327 328 326 329 330 331 334 335 336 333 332 268 267 266 265 269 270 271 272 263 264 388 389 387 386 385 383 382 384 381 380 378 
FO: 37118.00000
Best time: 402.902
Total time:574.462 


Instance: /TSP/rat575.tsp
Sol: 538 561 560 559 558 557 555 554 553 552 529 530 531 532 533 556 534 535 536 512 511 488 487 510 486 509 508 507 506 484 483 460 461 462 485 463 464 441 440 439 438 437 414 415 416 417 418 395 419 420 421 398 397 396 374 373 372 371 394 393 392 391 368 369 370 350 349 326 325 348 347 346 345 322 323 324 300 299 277 278 301 302 303 304 327 328 352 351 375 376 399 400 401 424 425 448 426 427 428 429 405 406 383 381 404 403 402 380 379 378 377 353 354 332 355 356 357 358 382 359 360 384 385 362 361 339 338 337 336 335 312 334 333 311 310 309 308 331 330 307 329 306 284 283 305 282 280 279 256 281 258 257 259 260 261 263 262 285 286 287 288 289 265 264 241 266 267 268 244 243 242 219 218 217 240 239 238 237 236 213 214 215 216 194 193 192 191 190 189 188 187 186 211 210 212 235 234 233 255 254 276 253 230 231 232 209 207 208 185 184 161 162 139 138 140 117 94 116 115 93 92 70 69 46 23 24 0 1 2 3 4 26 25 47 48 71 72 73 50 49 27 28 51 52 31 30 29 7 6 5 8 9 10 32 33 34 12 11 13 14 38 39 15 16 17 40 41 18 42 19 20 21 22 45 44 43 68 91 67 66 65 89 88 87 109 85 86 64 63 62 61 60 59 37 36 35 58 57 56 55 54 53 78 79 80 81 82 83 84 106 128 104 105 103 101 102 125 124 147 146 145 121 123 100 122 98 99 77 76 75 74 97 96 95 118 119 120 143 142 141 163 164 165 166 144 167 168 169 170 171 172 149 148 126 150 127 129 151 152 153 177 155 154 132 131 130 107 108 133 110 111 112 90 113 114 137 160 136 135 134 157 158 159 182 183 206 205 228 204 203 180 181 156 179 178 202 201 200 176 175 174 173 195 196 220 197 198 199 221 223 222 245 246 247 248 224 225 226 227 229 252 251 250 249 271 270 269 291 292 290 313 314 315 316 317 293 294 295 296 272 273 274 275 298 297 320 321 344 343 319 318 342 341 340 363 364 365 367 366 389 390 412 388 411 410 387 409 386 408 407 430 431 432 433 434 435 413 436 459 458 457 481 482 504 480 479 478 456 455 454 453 452 475 476 477 499 522 523 500 501 502 524 525 503 505 528 527 526 548 549 550 551 574 573 572 571 570 569 568 546 547 545 567 544 566 565 542 541 564 563 562 539 516 540 517 494 495 518 519 543 520 521 498 497 496 473 474 451 450 449 472 471 470 447 446 423 422 445 467 444 443 442 466 465 489 490 468 469 493 492 515 491 513 514 537 
FO: 6814.00000
Best time: 451.656
Total time:575.430 


Instance: /TSP/p654.tsp
Sol: 643 644 624 609 625 645 646 647 648 649 650 626 651 627 652 628 629 653 396 397 401 405 404 400 399 403 407 408 409 413 412 411 415 419 420 416 417 421 425 429 428 424 423 427 431 432 433 437 436 435 439 440 441 445 444 448 449 453 452 451 455 459 460 456 457 461 465 464 468 469 473 477 476 472 471 475 479 483 484 480 481 485 489 488 487 486 482 478 474 470 466 467 463 462 458 454 450 446 447 443 442 438 434 430 426 422 418 414 410 406 402 398 394 395 601 600 613 599 598 597 612 596 611 595 610 594 593 592 591 590 608 589 588 587 18 17 49 52 53 54 55 57 58 60 59 56 51 50 48 47 45 44 43 41 38 37 33 32 31 30 27 26 24 25 23 20 19 22 21 28 29 34 35 36 39 40 42 46 13 61 11 10 12 6 5 7 8 9 63 62 64 65 66 68 67 69 70 71 72 103 102 104 105 297 293 289 288 292 296 295 294 290 291 287 286 282 283 284 285 281 280 279 278 274 270 271 275 276 277 273 272 268 269 265 264 260 261 257 256 255 259 263 267 266 262 258 254 250 251 247 246 242 238 239 243 244 248 252 253 249 245 241 240 236 237 233 229 225 224 223 227 228 232 231 235 234 230 226 222 218 219 220 221 217 216 215 214 210 206 202 203 207 211 212 213 209 208 204 205 571 519 518 547 531 546 570 517 516 545 569 568 544 515 530 514 567 566 529 513 528 512 565 564 563 543 527 511 510 509 508 542 562 561 541 526 507 506 505 540 560 74 77 78 75 76 73 81 85 86 87 80 79 82 83 84 88 90 93 91 89 92 94 95 96 97 98 99 100 101 201 200 199 198 194 195 196 197 193 192 188 189 185 184 183 187 191 190 186 182 178 179 175 174 170 171 172 176 180 181 177 173 169 168 164 165 161 157 153 152 151 155 156 160 159 163 167 166 162 158 154 150 146 147 148 149 145 144 143 142 138 139 140 141 137 136 135 134 130 131 127 126 122 118 114 110 106 107 111 115 119 123 124 128 132 133 129 125 121 120 116 117 113 112 108 109 559 504 503 539 525 538 558 502 501 537 557 556 536 500 524 499 555 554 523 498 522 497 553 552 551 535 521 496 495 494 493 534 550 549 533 520 492 491 490 532 548 0 1 2 3 4 14 16 15 630 614 572 573 574 602 615 631 632 616 575 576 577 578 603 617 633 634 635 579 604 580 605 636 637 581 606 582 618 638 639 619 583 584 640 620 607 621 585 586 641 301 305 304 300 299 298 302 303 307 306 310 314 318 319 315 311 312 308 309 313 317 316 320 321 325 324 328 329 333 332 335 331 327 323 322 326 330 334 338 342 343 339 340 336 337 341 345 344 348 349 353 357 356 352 351 347 346 350 354 355 359 358 362 363 364 360 361 365 369 373 372 368 367 366 370 371 375 374 378 379 380 376 377 381 385 389 393 392 388 384 383 382 386 387 391 390 642 622 623 
FO: 34654.00000
Best time: 404.800
Total time:654.611 


Instance: /TSP/d657.tsp
Sol: 305 312 311 327 318 333 357 351 358 373 401 405 414 423 432 431 424 419 410 396 378 385 395 402 406 413 425 433 412 407 403 394 384 379 376 374 368 366 363 352 359 339 328 313 314 315 316 329 332 338 344 353 362 367 382 392 434 429 417 411 428 418 393 381 383 380 375 354 343 336 319 330 360 355 331 356 337 306 297 280 273 258 266 592 279 589 598 600 607 610 606 605 608 601 595 591 596 597 594 602 611 612 619 613 615 616 617 618 620 622 408 426 427 624 625 623 621 614 609 604 603 599 593 590 587 588 585 584 583 576 577 573 574 578 582 581 586 257 246 229 580 213 212 205 203 216 222 245 265 296 302 295 301 281 278 285 282 267 256 286 283 274 272 291 277 249 233 244 211 193 174 160 159 189 182 173 183 194 200 201 202 570 567 511 510 509 508 133 136 507 126 504 499 502 503 501 500 495 492 489 484 514 515 518 517 516 513 512 528 559 556 551 557 566 565 563 560 564 561 562 568 569 571 572 626 575 579 656 655 654 653 627 651 650 649 652 648 647 645 646 644 643 642 641 640 639 638 637 636 634 635 633 632 631 630 629 628 552 546 545 544 547 548 553 558 554 555 550 549 543 542 541 540 539 538 537 536 534 535 532 531 529 523 533 530 524 522 525 526 527 521 519 520 474 475 476 477 478 479 480 481 487 488 493 490 485 486 482 472 471 483 491 494 497 496 498 505 506 125 135 152 175 188 192 176 146 134 144 145 124 127 109 95 87 88 108 123 110 111 107 100 96 82 94 89 83 76 67 56 62 75 81 80 71 61 66 70 58 46 42 37 31 469 34 38 43 47 51 470 467 465 461 460 459 457 456 473 455 454 451 452 450 448 449 453 458 464 468 466 462 463 442 446 447 443 441 440 23 25 26 27 30 29 22 445 444 19 18 13 17 16 20 28 15 14 21 24 12 11 10 2 1 0 3 4 8 9 7 33 32 35 36 39 41 53 60 64 79 78 6 5 117 141 163 156 138 131 129 142 137 130 128 116 101 132 140 115 98 97 91 93 74 84 77 73 68 63 45 44 49 54 50 40 57 52 48 55 59 69 65 72 85 102 114 118 103 119 113 120 99 92 86 90 104 105 121 112 106 122 143 151 167 153 150 158 166 179 184 177 154 149 147 139 148 161 170 171 169 157 165 187 181 180 186 191 198 199 197 195 185 178 172 168 155 162 164 190 196 206 209 217 218 234 240 264 263 271 261 253 262 238 239 230 220 210 235 231 237 269 289 290 298 307 317 322 335 341 345 361 347 371 399 390 416 409 420 438 437 439 421 415 404 400 389 398 391 372 346 340 323 324 334 303 299 293 288 275 287 292 294 325 321 309 308 342 348 349 364 370 388 397 422 436 435 430 387 386 377 365 369 350 326 320 310 300 276 270 268 260 251 247 241 232 254 248 236 225 204 215 221 208 214 207 219 227 252 250 242 226 224 228 223 243 255 259 284 304 
FO: 49255.00000
Best time: 465.291
Total time:657.346 


Instance: /TSP/pr1002.tsp
Sol: 271 272 273 274 275 466 467 468 469 470 471 472 473 474 475 476 477 478 479 480 481 482 492 493 496 495 494 490 491 483 484 489 485 512 486 487 488 499 498 497 500 501 502 503 504 505 506 507 508 511 510 509 998 530 531 533 532 534 537 536 535 527 526 525 528 529 523 524 521 522 514 513 568 569 567 565 566 515 516 520 519 517 518 564 563 562 560 561 548 546 545 544 539 538 540 543 542 541 547 549 550 551 552 553 554 824 823 822 821 820 810 811 819 818 817 813 812 840 814 815 816 827 826 825 828 829 830 831 832 833 834 835 836 839 838 837 1001 858 859 861 860 862 865 864 863 855 854 853 856 857 851 852 849 850 842 841 896 897 895 893 894 843 844 848 847 845 846 892 891 890 888 889 876 874 873 872 867 866 868 871 870 869 875 877 878 879 880 881 882 883 884 885 887 886 919 918 898 899 901 900 902 905 904 903 915 916 917 921 920 922 923 924 926 925 927 928 929 930 931 932 933 934 935 936 937 938 956 957 958 959 961 960 992 952 953 955 954 939 940 941 942 943 944 945 946 947 951 950 948 949 976 977 978 975 972 973 974 979 981 980 971 970 969 986 985 984 982 983 989 988 987 683 682 684 685 686 687 679 678 680 681 675 674 673 676 677 672 671 670 668 669 663 662 664 665 666 667 723 724 725 726 728 727 709 707 708 712 710 711 722 721 714 713 715 716 720 719 718 717 688 689 690 691 692 693 694 695 706 705 696 704 697 698 699 700 968 967 966 965 964 963 962 701 702 703 739 738 740 741 742 744 743 737 736 735 734 733 732 745 746 747 748 749 750 751 752 753 754 999 762 763 764 765 766 768 767 769 770 771 772 774 773 761 760 759 758 757 756 755 788 789 790 791 793 792 787 786 785 784 783 782 781 780 779 778 777 775 776 912 913 914 911 910 909 908 907 906 1000 809 808 807 806 805 804 803 802 801 800 799 798 797 796 795 794 603 602 601 600 599 597 598 596 595 594 593 592 556 555 557 559 558 591 590 570 571 572 573 589 588 587 575 574 576 577 578 579 997 580 581 582 583 586 585 584 448 447 449 450 451 452 453 454 455 456 457 458 459 464 465 463 462 461 460 427 428 429 430 431 432 433 445 446 444 443 442 441 439 996 434 435 436 437 438 440 631 630 629 628 632 633 991 624 625 627 626 610 609 607 606 605 604 608 611 612 613 614 615 731 730 729 619 618 617 616 623 622 620 621 648 649 650 647 646 645 644 638 637 636 635 634 373 374 375 376 368 369 370 371 372 639 640 643 642 652 651 653 641 658 657 656 654 655 661 660 659 355 354 356 357 358 353 352 351 350 349 348 347 346 345 344 343 342 340 341 337 336 335 334 338 339 397 396 395 399 398 400 381 384 382 383 394 393 386 385 387 388 392 391 390 389 359 360 361 362 363 364 365 366 367 377 378 380 379 408 407 406 405 409 410 411 412 413 415 416 414 417 419 418 426 425 424 423 422 421 420 404 403 402 401 288 289 290 291 292 293 294 295 287 286 285 284 283 280 276 277 278 279 281 282 298 299 297 296 990 304 305 306 307 308 309 45 46 47 48 40 41 42 43 44 312 311 310 316 317 318 319 320 321 322 323 325 324 315 314 313 330 329 328 326 327 333 332 331 27 26 28 29 30 25 19 18 20 17 14 13 12 15 16 21 22 24 23 31 32 33 34 35 36 37 38 39 49 50 52 51 53 56 54 55 71 72 70 69 68 67 66 65 58 57 59 60 64 63 61 62 11 10 9 8 7 6 5 3 2 4 1 0 73 74 75 76 77 78 81 79 80 82 83 84 85 87 88 86 89 90 91 92 93 97 98 96 95 94 135 134 133 132 99 100 101 102 993 106 107 108 109 111 112 110 303 300 301 302 113 114 115 116 118 117 105 104 103 123 122 121 119 120 256 257 258 252 253 254 255 125 124 126 127 128 129 130 131 136 137 138 139 140 141 142 143 144 145 146 147 148 151 150 149 994 152 153 154 155 163 164 165 168 167 166 162 161 157 156 184 158 159 160 171 170 169 172 173 174 175 176 177 178 179 180 183 182 181 995 202 203 205 204 206 209 208 207 199 198 197 200 196 201 195 194 193 192 191 188 187 186 185 240 241 239 237 238 189 190 236 235 234 232 233 220 218 217 216 211 210 212 215 214 213 219 221 222 223 224 225 226 227 228 229 231 230 263 262 245 244 243 242 250 251 249 248 246 247 259 260 261 265 264 266 267 268 270 269 
FO: 261267.00000
Best time: 920.439
Total time:1002.949 


Instance: /TSP/u1060.tsp
Sol: 272 274 275 388 389 273 390 391 392 393 394 395 396 404 403 405 387 386 385 384 383 382 381 380 379 376 377 378 406 407 408 409 411 410 412 419 420 421 422 423 424 425 426 417 416 415 418 414 413 401 400 402 399 398 397 428 427 429 430 431 432 434 433 435 437 436 600 601 602 610 609 611 612 613 614 615 616 617 623 618 619 620 621 622 624 625 627 626 628 629 630 631 632 633 634 635 636 637 638 640 639 645 646 647 650 649 651 652 653 658 654 656 655 665 666 664 657 662 659 660 648 644 643 641 661 642 663 667 668 669 672 671 673 674 683 682 670 607 608 606 605 604 603 599 444 443 442 438 439 440 441 447 446 448 449 451 450 445 598 597 596 595 593 594 591 592 684 685 686 687 688 689 681 680 679 675 676 678 677 715 716 717 718 714 713 712 711 710 709 708 719 720 721 707 706 705 704 703 702 701 690 691 692 693 694 695 696 590 589 588 568 569 587 586 585 583 584 579 580 582 581 697 700 698 699 722 723 724 725 726 727 728 730 729 731 732 733 734 738 739 740 741 742 743 744 745 746 747 748 537 536 535 538 540 539 548 541 542 543 546 547 545 544 737 736 735 577 576 578 575 574 573 572 571 567 566 565 564 563 562 561 556 560 559 557 558 570 453 452 454 455 456 457 458 461 462 463 460 459 555 554 553 552 551 550 549 528 529 530 527 526 525 478 477 476 468 467 466 464 465 469 470 472 473 471 475 474 479 480 481 482 496 495 494 497 501 500 499 498 506 507 508 509 510 505 512 511 513 504 503 502 517 518 519 515 514 516 520 521 522 523 524 531 532 533 534 749 750 751 752 753 754 755 756 757 758 759 760 761 762 763 764 765 766 768 769 767 776 777 775 770 771 772 773 774 778 779 780 781 782 783 784 785 786 787 788 789 790 791 792 793 794 795 796 797 798 799 800 801 802 803 804 342 341 343 346 347 345 344 348 354 355 356 357 361 360 358 359 493 492 490 491 483 484 485 486 487 488 489 367 368 366 365 364 363 362 352 353 351 349 350 320 325 326 327 328 329 338 339 340 337 336 335 334 332 330 331 333 324 323 322 321 317 305 318 304 319 301 300 302 303 308 312 313 314 307 306 315 316 815 816 814 813 812 811 810 809 806 805 807 808 824 825 830 831 829 828 827 826 832 833 823 822 821 834 820 817 819 818 836 835 837 938 937 936 935 934 939 940 941 943 942 966 967 968 965 947 944 945 946 933 932 931 928 930 929 927 952 951 953 950 954 955 949 948 963 964 962 961 960 959 956 958 957 79 78 77 81 80 76 75 74 73 72 71 70 69 68 66 67 979 978 977 976 975 974 970 969 971 972 973 981 980 982 983 985 984 986 987 988 989 990 991 992 993 994 995 996 997 998 999 1001 1008 1007 1002 1003 1004 1006 1022 1005 1023 1024 1021 1025 1020 1019 1009 1010 1011 1000 1013 1012 1014 1015 1016 1017 1018 1026 1027 1029 1028 63 64 65 62 61 59 60 54 58 57 55 56 1032 1031 1030 1036 1037 1035 1034 1033 36 1038 1039 1040 1044 1045 1046 1047 1048 1049 1042 1043 1041 33 32 35 34 40 41 39 37 38 53 52 51 50 42 43 44 45 49 48 82 47 46 84 83 99 86 85 87 91 88 89 90 98 93 92 891 94 95 96 107 97 101 100 102 103 106 105 104 122 121 14 15 17 18 16 19 13 12 20 21 22 23 24 25 26 27 31 28 11 29 30 10 9 1052 1053 1050 1051 1054 1055 1056 1057 1058 1059 3 0 2 1 4 5 6 8 7 136 126 125 124 123 128 127 129 130 119 120 117 118 116 115 114 110 109 108 112 111 113 887 882 883 885 886 884 131 133 134 132 135 137 138 139 140 141 142 143 144 145 146 147 148 149 150 151 152 153 154 156 157 155 164 165 159 158 160 161 162 163 166 167 168 169 170 171 172 173 174 175 176 177 178 179 180 181 182 183 184 185 186 187 188 189 190 191 192 204 193 194 198 203 202 201 200 206 207 208 216 211 210 209 205 212 213 215 214 866 867 868 870 871 869 874 875 876 878 877 873 872 879 880 881 888 889 890 892 893 895 897 898 896 894 900 899 901 902 903 905 904 906 908 909 910 907 911 912 913 914 915 916 925 926 924 923 917 919 922 921 920 918 860 861 862 863 864 865 217 218 220 221 222 223 232 231 236 237 230 229 227 228 852 853 226 225 224 855 859 858 219 857 856 854 850 849 848 847 846 851 845 844 843 842 841 840 838 839 242 240 241 243 245 244 246 239 238 235 234 233 257 262 261 260 259 258 199 197 196 195 266 265 263 264 256 255 253 254 252 251 249 250 248 247 309 310 311 286 287 288 291 290 289 292 293 294 297 299 298 296 295 370 369 371 372 375 374 373 280 281 283 284 285 282 279 278 277 276 268 267 271 270 269 
FO: 226522.00000
Best time: 874.912
Total time:1061.311 


Instance: /TSP/vm1084.tsp
Sol: 188 257 260 654 1 197 456 624 465 597 508 175 583 375 447 450 417 194 462 0 259 256 62 634 580 608 368 582 373 581 603 635 770 702 947 1069 1062 1048 986 959 949 897 1044 1034 1033 953 945 928 785 783 894 957 951 1081 779 777 1051 982 955 727 826 824 822 820 658 816 814 813 819 700 883 930 980 1030 902 1032 708 699 961 989 1078 579 60 607 61 78 372 468 59 58 73 633 922 1068 706 698 939 829 264 984 1040 912 1050 705 697 965 771 904 924 896 704 1008 1064 691 722 717 788 1066 1007 1017 1019 689 1011 855 757 1021 756 853 1010 885 737 1002 694 1009 680 1001 852 1025 678 828 1023 891 797 884 353 262 305 530 354 31 34 542 306 531 33 543 309 311 308 545 152 312 546 532 355 544 307 151 153 547 539 540 263 541 69 371 70 56 71 606 72 57 74 591 505 395 176 411 96 627 87 48 45 203 630 124 569 566 216 364 53 32 310 202 201 154 563 556 560 46 383 474 88 631 628 504 49 435 408 592 513 103 498 351 240 63 501 653 245 650 248 374 396 76 577 242 254 258 261 2 381 252 409 651 506 173 573 397 436 255 64 243 578 246 652 500 412 247 497 350 593 514 50 629 632 102 89 503 97 177 47 178 200 123 565 568 215 122 363 564 567 695 54 214 362 534 55 535 536 533 1003 1022 1024 796 890 696 1004 1005 679 736 693 1006 1020 561 538 537 51 52 559 558 155 156 555 557 562 554 854 1018 1016 758 787 772 690 983 718 726 1067 90 91 98 384 92 1065 692 723 719 990 1041 707 882 979 898 818 812 238 239 414 815 926 1031 981 817 1080 905 385 821 823 825 827 1079 985 913 659 701 65 67 68 475 769 703 1028 880 682 906 903 994 768 765 925 988 923 996 895 1029 781 899 991 1014 720 940 687 710 729 1015 445 437 553 454 551 415 410 511 413 382 510 523 191 575 460 515 93 42 552 457 422 182 433 4 186 3 434 571 439 570 1026 931 670 775 966 476 919 938 660 962 846 929 907 863 927 805 662 1027 416 572 594 751 1042 847 956 952 803 1046 1054 958 946 836 1058 1070 954 834 950 1072 1082 960 795 948 886 753 867 942 792 944 673 739 1043 856 869 674 1047 668 810 873 724 1055 875 740 716 1059 808 676 920 749 1071 638 405 487 614 235 602 637 596 440 595 636 446 600 612 455 296 461 225 458 274 655 601 613 472 356 467 273 297 224 144 228 419 6 198 464 277 618 452 639 147 180 449 328 210 443 492 213 478 424 495 86 128 357 337 25 313 24 127 331 16 236 656 99 340 620 232 28 141 288 36 641 220 80 131 83 317 40 343 217 358 657 39 473 187 406 683 1073 800 711 1083 742 713 685 887 798 877 860 964 778 807 968 665 780 790 976 207 760 755 784 921 978 746 917 865 843 786 774 973 974 971 911 909 1012 1061 791 915 838 901 1013 761 832 893 162 762 889 840 872 763 1077 744 851 764 166 1075 859 666 12 745 13 15 135 647 134 165 648 164 163 361 360 366 269 367 161 271 160 550 549 209 548 490 488 489 208 407 181 291 199 400 280 379 623 391 394 325 403 496 136 159 493 11 479 231 190 206 150 196 137 289 485 399 279 390 378 268 283 336 304 645 316 14 646 359 365 290 324 402 149 622 393 205 10 158 344 218 230 318 41 84 132 81 221 37 29 338 233 341 100 237 17 640 330 126 619 26 314 23 211 327 287 276 272 146 298 223 195 143 189 227 5 432 442 184 423 294 226 142 20 7 145 8 275 326 21 139 125 212 22 332 27 315 329 140 18 101 484 129 234 30 339 342 38 222 82 133 85 333 319 219 345 157 425 229 621 9 204 392 148 282 300 401 323 398 138 278 389 377 292 335 303 302 644 643 301 642 667 858 1074 850 1076 841 888 871 285 286 284 334 270 267 892 831 900 844 908 837 747 914 864 916 526 525 524 998 997 754 910 789 664 1060 759 806 933 936 431 878 861 266 686 799 714 743 712 801 684 849 874 876 299 130 281 839 741 677 809 715 725 811 669 675 870 857 868 830 430 265 672 793 738 748 794 671 842 866 833 835 848 663 802 752 750 804 661 862 845 970 320 321 293 483 481 482 480 429 427 587 426 428 932 969 935 918 972 934 937 1037 776 735 734 121 120 118 611 1039 1053 733 732 1057 977 731 730 975 967 728 709 688 963 721 1063 782 1036 992 1049 1038 995 1045 609 1052 987 766 1035 1056 773 767 993 943 941 1000 681 999 881 879 346 349 527 348 528 529 518 519 615 604 170 369 441 171 168 584 169 588 616 605 585 610 105 586 109 111 617 113 116 119 590 117 114 115 112 110 108 106 387 589 477 494 448 491 44 95 626 193 517 521 599 469 179 509 418 463 471 451 183 486 404 322 388 295 470 19 466 107 79 43 94 192 516 376 370 522 625 167 172 386 598 520 574 421 438 35 347 174 66 507 444 453 251 185 459 253 241 244 249 576 380 649 75 512 77 499 420 352 250 104 502 
FO: 240685.00000
Best time: 770.230
Total time:1090.295 


Instance: /TSP/fl1400.tsp
Sol: 482 380 435 317 505 377 433 407 503 314 480 346 456 408 504 316 376 432 313 502 406 454 374 311 452 404 478 344 430 373 310 500 370 428 342 476 371 501 343 477 403 429 308 499 341 427 401 497 339 425 365 472 338 448 305 400 340 474 368 450 402 498 307 367 426 304 496 364 301 424 398 494 336 361 422 298 492 396 470 362 446 302 399 495 337 423 299 493 397 445 335 469 395 296 421 359 468 444 334 420 358 295 394 1189 1304 1188 1372 1314 1187 1186 1375 1313 1185 1204 1212 1229 1228 1303 1184 1203 1227 1327 1383 1226 1202 1302 1225 1224 1322 1312 1183 1381 1211 1182 1181 1301 1210 1223 1222 1209 1321 1201 1180 1300 1179 1371 1299 1311 1377 1221 0 208 143 159 259 164 262 264 63 75 106 1 1335 1385 1239 1347 1391 1281 1357 1336 1240 1261 1269 1282 1283 1270 1337 1241 1242 1271 1395 1243 1348 1358 1284 1285 1338 1262 1286 1397 1363 1287 1263 1244 1339 1288 1289 1264 1245 1272 1364 1349 1389 1246 1247 1273 1365 1274 1350 1392 1359 1351 1248 1386 1340 1249 1366 738 863 837 911 739 802 887 777 935 801 886 776 910 836 862 737 800 934 838 740 864 803 936 743 866 806 746 938 780 890 807 914 840 888 778 912 804 865 741 839 913 742 805 889 779 937 744 867 841 915 745 808 891 781 939 843 748 917 783 941 750 892 810 869 747 916 782 842 868 809 940 749 870 844 918 813 871 845 893 811 751 814 919 785 943 847 895 754 817 921 787 873 753 894 784 812 942 846 752 872 815 755 944 786 920 816 896 848 922 756 945 849 897 757 923 820 899 760 925 791 823 901 763 927 853 949 822 877 851 759 947 789 875 819 898 788 874 818 946 758 876 850 924 790 948 821 761 878 852 900 762 926 825 879 793 951 765 902 792 950 824 764 854 880 827 767 830 882 856 952 794 904 928 828 953 795 881 855 903 826 766 929 829 905 769 857 883 768 930 831 955 797 931 832 907 859 772 933 799 835 775 909 861 957 774 908 834 885 932 771 906 796 858 954 770 833 884 798 956 860 773 108 294 105 107 1341 1387 1250 1352 1393 1290 1360 1342 1251 1265 1275 1291 1292 1276 1343 1252 1253 1277 1396 1254 1353 1361 1293 1294 1344 1266 1295 1398 1367 1296 1267 1255 1345 1256 1268 1297 1298 1278 1368 1354 1390 1257 1258 1279 1369 1280 1355 1388 1259 1346 1356 1394 1362 1370 1260 1057 958 1083 997 1131 959 1058 960 1132 998 1084 1022 1107 1059 1155 1021 961 1085 1024 1157 999 1109 1061 964 1087 1001 1135 965 1158 1000 1086 1025 1133 962 1156 1060 1108 1023 963 1134 1026 1110 966 1062 1088 1002 1136 1029 1112 969 1138 1032 1004 1162 1031 1137 968 1090 1064 1160 1028 1111 1063 1159 1027 967 1089 1030 1003 1161 970 1033 1091 1065 1139 1113 971 1092 1006 1066 1114 972 1140 1035 1116 975 1068 1164 1034 1115 1005 1067 1163 973 1093 1036 976 1165 1007 1117 977 1166 1037 1141 974 1094 1008 1142 1038 1118 978 1041 1144 1010 1070 1096 1040 1168 980 1071 1119 1009 1143 1069 1095 1039 1167 979 1097 1042 1169 982 1099 1073 1121 1011 1145 1043 1098 1012 1146 1072 1120 981 1044 1122 1074 1170 983 1100 1014 1148 984 1047 987 1124 1076 1150 1016 1102 986 1172 1046 1147 1013 1123 1075 1171 1045 985 1101 1048 1173 1015 1149 1049 1125 1077 1151 1017 1103 988 1051 1175 1079 1127 992 1052 1176 1018 1104 989 1174 1078 1126 1050 990 1152 1053 993 1128 1080 1106 1020 1154 1056 996 1130 1082 1178 995 1129 1081 1177 1019 1055 1153 1105 991 1054 994 3 1399 211 199 169 209 79 210 102 104 101 103 195 194 292 196 293 95 84 280 181 71 74 274 268 64 173 178 276 78 83 283 187 193 89 282 82 88 192 191 291 100 99 290 190 288 184 77 279 172 267 168 266 67 273 70 66 73 272 69 177 180 186 287 183 176 265 171 170 278 81 87 91 98 289 94 189 286 86 182 281 188 285 85 275 179 76 277 80 284 90 198 97 93 92 96 197 185 166 65 68 270 72 175 271 174 269 167 61 263 165 163 261 62 260 162 160 161 158 59 256 255 56 252 153 257 156 48 45 147 145 144 244 243 42 47 247 50 49 52 154 253 54 254 55 60 258 58 57 157 155 250 150 152 251 151 53 51 249 248 149 148 246 46 44 146 245 41 39 37 142 242 137 239 138 240 2 554 688 614 712 551 638 664 578 640 736 553 687 639 552 735 612 549 663 577 711 613 550 734 610 709 575 685 637 733 609 661 635 731 546 606 659 573 683 607 732 547 662 636 576 686 611 710 548 684 608 545 708 574 660 634 682 605 706 542 680 632 658 572 730 604 681 544 707 633 729 543 603 657 631 571 705 541 728 570 656 630 704 602 539 678 599 702 628 654 598 568 726 538 677 629 703 601 679 569 727 540 600 655 537 725 597 567 701 535 675 627 653 534 723 594 565 651 531 591 721 625 563 673 532 699 595 652 626 700 566 724 676 536 596 533 674 593 698 530 672 590 527 696 622 562 648 589 720 624 650 564 722 592 697 529 671 623 649 528 719 588 647 561 695 621 717 525 585 645 522 715 619 693 559 669 526 718 586 646 560 670 587 694 524 668 584 692 521 618 644 558 620 716 583 523 667 557 691 617 643 582 519 713 579 641 555 665 580 520 714 556 666 581 518 690 616 642 517 689 615 516 1200 1334 1326 1380 1320 1310 1199 1374 1319 1220 1333 219 117 1332 1219 1198 1197 1376 1318 1196 1208 1218 1238 1237 1309 1195 1207 1236 1331 1384 1235 1206 1308 1234 1233 1325 1317 1194 1382 1217 1193 1192 1307 1216 1232 1231 1324 1215 1205 1191 1306 1190 1373 1305 1316 1379 1230 203 25 230 28 234 131 207 132 35 27 205 22 227 21 29 206 34 133 140 238 31 229 125 23 16 121 223 201 225 226 24 122 224 19 118 220 13 11 218 4 110 214 113 213 109 10 8 9 112 111 5 212 7 6 20 15 222 204 127 136 139 30 233 123 202 124 228 126 120 200 12 14 18 221 116 217 216 115 119 17 129 232 128 231 235 33 32 130 26 237 135 236 134 40 43 38 36 141 241 114 215 1328 1213 1329 1214 1378 1315 1323 1330 297 360 300 471 363 447 303 473 366 449 306 475 369 451 309 372 453 312 479 405 431 345 455 375 315 481 378 457 347 409 349 483 318 381 459 321 485 384 324 387 463 327 489 390 465 417 491 330 393 333 467 419 515 357 443 392 466 332 418 331 514 391 442 356 490 329 513 355 441 389 464 416 512 328 388 354 488 414 440 325 510 385 322 438 352 486 412 460 350 484 383 509 323 439 386 462 326 511 415 353 487 413 461 351 437 411 507 320 458 410 436 508 382 319 506 379 434 348 
FO: 20222.00000
Best time: 988.523
Total time:1409.387 


Instance: /TSP/pr2392.tsp
Sol: 1115 1116 1124 1123 1122 1069 1070 1071 1072 1073 1074 1080 1079 1078 1075 1077 1076 1017 1018 1019 1020 1021 1022 1023 1024 1025 1026 1027 1028 1029 1031 1030 1061 1062 1063 1060 1059 1058 1057 1054 1055 1056 1065 1064 1066 1067 1068 1125 1126 1127 1128 1129 1130 1131 1132 1133 1134 1135 1136 1140 1139 1138 1137 363 362 361 360 359 358 1146 1147 1145 1142 1141 1143 1144 1152 1153 1154 1151 1150 1149 1148 174 173 177 176 175 352 351 350 349 355 353 354 357 356 348 347 346 345 344 343 342 341 340 339 313 312 311 310 309 308 307 306 290 291 292 289 288 287 286 285 284 283 282 281 280 279 278 277 276 275 274 273 272 271 270 269 268 267 266 265 264 263 259 260 261 262 243 242 244 241 240 239 238 237 236 235 234 233 232 231 230 229 228 227 214 213 212 215 226 225 224 223 222 221 218 207 208 217 216 209 210 211 205 206 219 220 123 124 122 121 120 119 118 117 116 115 114 113 112 111 110 109 108 107 106 127 126 125 204 203 202 201 200 199 198 197 196 195 194 193 192 191 190 188 189 185 184 186 187 251 250 249 248 245 246 247 252 253 258 257 256 255 254 181 182 183 179 180 178 172 171 170 169 168 167 166 165 164 163 162 161 160 136 137 138 139 140 141 135 134 133 132 131 130 129 128 105 104 103 102 101 100 99 98 97 96 95 94 93 92 91 90 89 88 87 86 85 84 83 82 81 80 79 78 142 143 144 145 146 77 76 75 74 73 72 71 70 69 68 67 66 65 64 63 62 1210 1209 1208 1207 151 152 150 149 148 147 157 159 158 1192 1191 1190 1193 1194 1196 1195 1189 1188 1187 1186 1185 1184 1183 1182 1181 1180 1179 1178 1177 1176 1173 1175 1174 1155 1156 1157 1158 1159 1160 1161 1162 1163 1164 1166 1165 1171 1170 1169 1172 1168 1167 1197 1198 1199 1200 1201 1202 1203 155 156 153 154 1204 1205 1206 1213 1214 1211 1212 1215 1216 1217 1224 1223 1222 1221 1220 1219 1218 1254 1253 1256 1255 1257 1258 1259 1260 1261 1262 1263 1264 1265 1266 1267 60 61 59 58 57 56 55 54 53 52 51 50 49 47 48 1268 1269 1270 1271 1272 1273 1274 1275 1276 1278 1277 1373 1374 1375 1376 1378 1377 1251 1252 1250 1249 1247 1246 1248 1227 1225 1226 1228 1244 1245 1243 1242 1233 1229 1230 1231 1232 1234 1241 1240 1239 1238 1235 1236 1237 1043 1044 1045 1046 1040 1042 1041 1038 1039 1047 1048 1049 1050 1053 1051 1052 1033 1032 1034 1035 1036 1037 1432 1434 1433 1431 1435 1436 1430 1429 1428 1427 1426 1425 1424 1423 1422 1421 1420 1419 1418 1417 1397 1396 1395 1392 1391 1390 1389 1388 1387 1386 1385 1384 1383 1382 1381 1380 1379 1368 1369 1367 1366 1393 1394 1398 1416 1415 1414 1413 1412 1411 1410 1409 1408 1407 1403 1404 1406 1405 1400 1399 1401 1402 1365 1364 1363 1362 1370 1371 1372 1361 1360 1359 1358 1357 1356 1279 1280 1281 46 45 44 43 42 41 40 39 38 37 36 35 34 33 32 1282 1283 1284 1355 1354 1342 1343 1344 1347 1346 1345 1339 1338 1340 1341 1335 1336 1337 1333 1334 1332 1331 1330 1329 1328 1327 1326 1325 1324 1323 1322 1321 1320 1319 1318 1317 1316 1314 1315 1350 1349 1348 1353 1352 1351 1286 1285 1287 1288 1289 1290 1291 1292 1293 1294 1295 30 31 29 28 27 26 25 24 23 22 21 20 19 17 18 1296 1297 1298 1299 1300 1301 1302 1303 1304 1306 1305 2326 2325 2330 2329 2328 2327 16 15 14 13 12 11 10 9 8 7 6 5 4 3 2 1 0 2391 2390 2389 2388 2387 2386 2385 2384 2383 2382 2381 2380 2379 2378 2377 2376 2375 2373 2374 2371 2370 2369 2368 2367 2366 2365 2364 2363 2362 2361 2360 2359 2358 2357 2356 2355 2354 2353 2352 2350 2351 2347 2348 2349 2281 2282 2280 2279 2278 2277 2276 2289 2290 2287 2286 2285 2288 2283 2284 2342 2341 2343 2344 2346 2345 2339 2340 2337 2338 2372 2336 2335 2334 2333 2332 2331 2324 2323 2322 1308 1307 1310 1309 2321 2320 2319 2318 2317 2316 2315 2314 2313 2312 2311 1311 1313 1312 2310 2309 2308 2307 2306 2305 2304 2303 2302 2301 2300 2299 2298 2297 2296 2295 2294 2291 2293 2292 2273 2274 2275 2272 2271 2270 2269 2268 2267 2266 2265 2264 2263 2262 2261 2260 2259 2253 2254 2258 2257 2256 2255 1517 1516 1515 1514 1513 1512 1510 1511 1508 1507 1509 1504 1506 1505 1503 1502 1501 1500 1499 1498 1497 1496 1495 1494 1493 1467 1466 1465 1464 1463 1461 1460 1462 1437 1438 1439 1440 1442 1441 1444 1445 1443 1446 1447 1448 1449 1450 1451 1452 1453 1454 1455 1456 1457 1458 1459 1472 1471 1470 1469 1468 1476 1477 1475 1474 1473 1548 1547 1549 1550 1551 1552 1553 1554 1546 1545 1544 1543 1542 1569 1568 1567 1566 1565 1564 1563 1562 1680 1681 1682 1683 1676 1675 1674 1677 1678 1679 1576 1575 1574 1573 1572 1571 1570 1536 1534 1532 1531 1530 1533 1535 1538 1537 1541 1540 1539 1478 1479 1480 1481 1482 1483 1484 1485 1491 1492 1490 1489 1486 1487 1488 1519 1518 1520 1521 1522 1523 1524 1525 1526 1527 1528 1529 2217 2220 2221 2222 2219 2218 2210 2216 2214 2213 2215 2211 2212 2209 2208 2207 2206 2205 2204 2203 2202 2201 2200 2199 2198 2191 2190 2189 2188 2187 2240 2241 2239 2238 2237 2235 2236 2232 2231 2230 2229 2223 2224 2225 2228 2226 2227 2251 2252 2248 2250 2249 2247 2246 2245 2244 2233 2234 2242 2243 2186 2185 2184 2183 2182 2181 2180 2179 2178 2177 2176 2175 2174 2173 2172 2171 2169 2170 2166 2165 2167 2168 2164 2162 2161 2163 2158 2160 2159 2156 2157 2155 2154 2153 2152 2151 2150 2149 2148 2147 2146 2145 2144 2143 2142 2141 2140 2139 2138 2137 2136 2135 2194 2195 2193 2192 2197 2196 1600 1601 1602 1599 1598 1597 1596 1595 1603 1604 1594 1593 1592 1608 1607 1605 1606 2128 2134 2133 2132 2131 2130 2129 2127 2126 2125 2124 2123 2122 2121 2120 2119 2118 2117 2116 2115 2112 2111 2110 2109 2108 2106 2105 2107 2086 2084 2085 2087 2103 2104 2102 2101 2100 2099 2098 2097 2096 2095 2094 2093 2091 2092 2088 2089 2090 2019 2018 2017 2016 2015 2020 2021 2022 2026 2027 2028 2025 2024 2023 2083 2082 2081 2080 2079 2078 2077 2113 2114 2076 2075 2074 2071 2070 2073 2072 1609 1610 2069 2068 2067 2066 2065 2064 2063 2062 2061 2060 2059 2058 2057 2056 2055 2052 2053 2054 1612 1611 1613 1614 1615 1616 1617 1618 1619 1620 1621 1590 1591 1589 1588 1587 1586 1585 1584 1583 1582 1581 1580 1579 1577 1578 1622 1623 1624 1625 1626 1627 1628 1629 1630 1631 1632 1633 1634 1673 1672 1671 1670 1665 1666 1667 1668 1669 1635 1636 1637 1638 1639 1640 1641 1642 1643 2050 2051 2049 2048 2047 2046 2045 2044 2043 1648 1647 1646 1644 1645 1661 1662 1663 1664 1660 1659 1658 1657 1656 1655 1654 1653 1652 1651 1650 1649 2041 2042 2040 2039 2038 2037 2036 2035 2034 2033 2032 2029 2031 2030 2011 2012 2013 2014 2010 2009 2008 2007 2006 2005 2004 2003 1847 1848 1849 1844 1846 1845 1843 1839 1840 1842 1841 1838 1836 1837 1856 1857 1855 1854 1853 1852 1850 1851 2002 2001 2000 1999 1998 1997 1996 1995 1994 1993 1992 1991 1990 1965 1964 1963 1962 1966 1967 1989 1988 1987 1986 1985 1984 1981 1983 1982 1969 1968 1957 1958 1956 1955 1954 1953 1952 1951 1950 1949 1948 1947 1946 1959 1961 1960 1945 1944 1943 1942 1941 1940 1939 1938 1937 1936 1935 1934 1933 1932 1931 1930 1929 1928 1927 1926 1925 1917 1918 1924 1923 1922 1921 1920 1919 1916 1915 1914 1913 1912 1911 1910 1909 1908 1907 1906 1905 1904 1903 1902 1901 1900 1899 1898 1897 1896 1895 1894 1893 1892 1891 1890 1889 1888 1887 1886 1885 1884 1883 1882 1881 1880 1878 1879 1970 1971 1972 1877 1874 1873 1875 1876 1973 1976 1977 1980 1979 1978 1975 1974 1869 1868 1867 1866 1865 1864 1863 1862 1861 1860 1858 1859 1828 1827 1826 1829 1830 1831 1832 1835 1834 1833 1824 1825 1823 1822 1821 1764 1763 1765 1766 1767 1820 1819 1818 1817 1816 1815 1814 1813 1872 1871 1870 1812 1811 1810 1809 1808 1807 1806 1805 1804 1803 1801 1802 1795 1796 1792 1794 1793 644 643 642 641 640 639 638 637 633 636 634 635 696 695 694 693 692 691 690 689 688 687 652 651 650 649 648 647 646 645 1791 1790 1787 1786 1785 1788 1789 1797 1798 1799 1800 1776 1771 1770 1769 1768 1772 1773 1774 1775 1778 1777 1784 1783 1782 1781 1780 1779 1757 1758 1762 1761 1760 1759 1756 1755 1754 1753 1749 1748 1747 1746 1745 1744 1742 1743 1750 1751 1752 662 661 660 659 658 657 656 655 654 653 686 685 684 683 682 681 680 679 678 677 676 675 674 673 672 664 663 666 667 665 671 670 669 668 845 844 843 847 846 1741 1740 1739 1738 1737 1736 1735 1734 1733 1732 1731 1730 1729 1728 1727 1726 1725 1724 1723 1722 1721 1720 1719 1718 1717 1716 1715 1714 1713 1712 1711 1710 1709 1708 1707 1706 1705 1704 1703 1702 1701 1700 1699 1698 1696 1695 1694 1693 1691 1692 1684 1685 1686 865 1688 1687 1690 1689 1697 862 861 863 864 867 866 868 869 870 871 872 873 874 875 876 877 878 1560 1561 1559 1558 1557 1556 1555 1016 1015 1014 1013 1012 1011 1009 1010 879 880 881 882 883 884 885 886 887 889 888 822 823 824 825 826 821 820 819 890 891 817 818 832 831 830 829 827 828 859 860 858 857 856 855 854 853 851 852 836 835 834 833 837 838 839 840 841 850 849 848 842 764 763 762 761 774 767 765 766 769 768 773 770 771 772 775 776 780 781 807 806 805 808 809 810 811 804 803 812 813 802 799 798 797 796 795 794 793 792 791 790 932 933 940 939 938 937 936 935 934 788 789 787 786 785 784 783 782 779 778 777 758 759 760 757 756 755 754 753 752 751 750 749 748 747 746 745 744 743 739 738 737 736 714 713 712 711 710 709 708 707 706 698 697 699 700 701 702 703 705 704 715 716 729 730 733 735 734 732 731 728 727 726 724 725 722 723 720 719 718 717 626 627 632 631 630 629 628 625 624 623 721 622 621 620 619 618 617 616 615 614 613 612 611 610 609 608 607 606 605 604 603 602 601 600 740 741 742 599 598 595 594 593 592 591 590 596 597 589 588 587 586 585 584 583 582 581 580 579 578 577 576 575 574 573 572 571 570 569 568 567 566 565 564 563 562 561 560 559 558 557 556 555 554 553 552 551 550 548 549 542 541 540 539 543 538 537 534 533 532 535 536 544 545 546 547 523 522 518 519 517 516 515 514 513 520 521 512 511 510 509 508 507 506 505 504 525 524 531 530 529 526 528 527 503 502 501 500 496 498 499 497 490 489 491 494 495 493 492 484 483 482 485 486 487 488 453 452 451 450 449 448 447 457 456 455 454 462 461 463 460 459 458 431 432 434 433 446 445 444 443 442 441 440 416 418 417 439 438 437 436 435 428 427 426 425 424 423 420 419 963 962 961 960 959 421 422 430 429 466 465 470 467 468 469 471 464 481 480 479 478 477 476 475 474 472 473 943 944 942 941 945 946 930 931 929 928 927 926 925 924 923 922 954 953 947 948 949 950 951 952 955 956 957 958 919 920 921 918 917 916 915 914 913 912 911 910 909 908 907 906 905 904 903 902 901 900 899 898 896 897 800 801 814 815 816 895 894 893 892 1008 1007 1006 1005 1004 1003 1002 1001 1000 999 998 997 996 995 994 993 992 991 990 989 988 987 986 985 984 983 982 981 980 979 978 977 976 975 974 973 972 971 970 969 968 967 966 965 964 406 414 415 413 412 411 410 409 408 407 405 404 403 402 401 400 399 398 299 298 295 294 293 296 297 300 397 396 301 302 303 394 395 393 392 391 390 389 388 387 383 382 380 379 381 384 386 385 324 325 326 323 322 321 320 319 304 305 318 317 315 316 314 327 328 329 330 331 337 338 336 335 332 333 334 365 364 366 367 368 369 370 371 372 373 374 375 378 377 376 1096 1095 1097 1093 1092 1098 1099 1100 1101 1102 1103 1104 1105 1106 1107 1108 1109 1110 1111 1112 1113 1089 1090 1091 1094 1087 1085 1084 1083 1082 1081 1086 1088 1119 1120 1121 1117 1118 1114 
FO: 398419.00000
Best time: 1693.529
Total time:2414.652 
